0.0000 -2.0000 -4.0000 6409.0000 -6406.0001 -1600.0000 
0.0000 -2.0000 -4.0000 6409.0000 -6406.0001 -1600.0000 
1.0000 -1.0000 -3.7502 2260.4725 -1904.0937 -950.0468 
2.0000 0.4892 -3.0072 1054.2367 634.2106 -649.2999 
3.0000 -0.8685 -1.6172 565.9187 -827.6376 -474.3110 
4.0000 1.0670 -0.5080 271.0736 702.7982 -329.2835 
5.0000 -0.9018 0.4144 19.5275 -147.6935 -79.7760 
6.0000 -0.6221 0.5655 5.8194 41.1866 35.7116 
7.0000 -0.7033 0.4951 2.9014 -3.2949 0.0795 
8.0000 -0.6946 0.4949 2.8870 0.0673 2.4882 
9.0000 -0.6949 0.4833 2.8727 -3.2669 0.0884 
10.0000 -0.6859 0.4831 2.8581 0.0752 2.5127 
11.0000 -0.6863 0.4715 2.8436 -3.2394 0.0970 
12.0000 -0.6771 0.4712 2.8288 0.0832 2.5382 
13.0000 -0.6771 0.4712 2.8288 0.0832 2.5382 
