0.0000 3.0000 -2.0000 3.0000 1.0000 -6.6295 0.4415 7.6880
0.0000 3.0000 -2.0000 3.0000 1.0000 -6.6295 0.4415 7.6880
1.0000 2.1416 -0.4788 3.7854 -0.4592 0.3337 0.3355 -6.7660
1.0000 2.1416 -0.4788 3.7854 -0.4592 0.3337 0.3355 -6.7660
2.0000 2.1416 -0.4788 3.7854 -0.4592 0.3337 0.3355 -6.7660
2.0000 2.0599 -0.2511 3.8714 -0.6841 -6.8052 -0.8422 0.4697
2.0000 2.1008 -0.3650 3.8284 -0.5717 -6.7841 -0.2929 0.4358
2.0000 2.1212 -0.4219 3.8069 -0.5154 -6.7747 0.0175 0.3844
2.0000 2.1314 -0.4504 3.7961 -0.4873 0.2661 0.2663 -6.7702
2.0000 2.1314 -0.4504 3.7961 -0.4873 0.2661 0.2663 -6.7702
3.0000 2.1314 -0.4504 3.7961 -0.4873 0.2661 0.2663 -6.7702
3.0000 0.9733 2.7913 4.0000 -3.6678 -14.5054 -6.3237 0.3844
3.0000 0.9733 2.7913 4.0000 -3.6678 -14.5054 -6.3237 0.3844
4.0000 0.9733 2.7913 4.0000 -3.6678 -14.5054 -6.3237 0.3844
4.0000 0.5457 3.0714 3.4718 -4.0000 -15.5980 -6.1374 0.1664
4.0000 0.5457 3.0714 3.4718 -4.0000 -15.5980 -6.1374 0.1664
5.0000 0.5457 3.0714 3.4718 -4.0000 -15.5980 -6.1374 0.1664
5.0000 -2.0231 2.7198 -1.0874 -4.0000 -2.5130 -1.5508 -12.9179
5.0000 -2.0231 2.7198 -1.0874 -4.0000 -2.5130 -1.5508 -12.9179
6.0000 -2.0231 2.7198 -1.0874 -4.0000 -2.5130 -1.5508 -12.9179
6.0000 1.5424 1.6412 4.0000 -2.5104 -9.4930 -6.2883 0.5206
6.0000 1.5424 1.6412 4.0000 -2.5104 -9.4930 -6.2883 0.5206
7.0000 1.5424 1.6412 4.0000 -2.5104 -9.4930 -6.2883 0.5206
7.0000 -3.1725 2.5434 -2.9162 -3.9824 -1.4522 -0.1283 -11.9779
7.0000 -3.1725 2.5434 -2.9162 -3.9824 -1.4522 -0.1283 -11.9779
8.0000 -3.1725 2.5434 -2.9162 -3.9824 -1.4522 -0.1283 -11.9779
8.0000 1.6721 1.2820 4.0000 -2.3546 -8.5053 -6.1386 0.5427
8.0000 1.6721 1.2820 4.0000 -2.3546 -8.5053 -6.1386 0.5427
9.0000 1.6721 1.2820 4.0000 -2.3546 -8.5053 -6.1386 0.5427
9.0000 -3.5847 2.5440 -3.2672 -3.9939 -1.2593 0.1057 -12.0672
9.0000 -3.5847 2.5440 -3.2672 -3.9939 -1.2593 0.1057 -12.0672
10.0000 -3.5847 2.5440 -3.2672 -3.9939 -1.2593 0.1057 -12.0672
10.0000 1.5105 1.1260 4.0000 -2.3255 -8.4098 -5.9490 0.4663
10.0000 1.5105 1.1260 4.0000 -2.3255 -8.4098 -5.9490 0.4663
11.0000 1.5105 1.1260 4.0000 -2.3255 -8.4098 -5.9490 0.4663
11.0000 -3.5087 2.4294 -2.9143 -3.8766 -1.4194 -0.0748 -11.8386
11.0000 -3.5087 2.4294 -2.9143 -3.8766 -1.4194 -0.0748 -11.8386
12.0000 -3.5087 2.4294 -2.9143 -3.8766 -1.4194 -0.0748 -11.8386
12.0000 1.4139 1.1315 4.0000 -2.1403 -8.2139 -5.8491 0.4333
12.0000 1.4139 1.1315 4.0000 -2.1403 -8.2139 -5.8491 0.4333
13.0000 1.4139 1.1315 4.0000 -2.1403 -8.2139 -5.8491 0.4333
13.0000 -3.3974 2.3063 -2.5156 -3.7595 -1.6081 -0.2929 -11.6019
13.0000 -3.3974 2.3063 -2.5156 -3.7595 -1.6081 -0.2929 -11.6019
14.0000 -3.3974 2.3063 -2.5156 -3.7595 -1.6081 -0.2929 -11.6019
14.0000 1.2922 1.0183 4.0000 -2.1543 -8.2131 -5.7118 0.3718
14.0000 1.2922 1.0183 4.0000 -2.1543 -8.2131 -5.7118 0.3718
15.0000 1.2922 1.0183 4.0000 -2.1543 -8.2131 -5.7118 0.3718
15.0000 -3.4296 2.2247 -2.3090 -3.6859 -1.7001 -0.3959 -11.4958
15.0000 -3.4296 2.2247 -2.3090 -3.6859 -1.7001 -0.3959 -11.4958
16.0000 -3.4296 2.2247 -2.3090 -3.6859 -1.7001 -0.3959 -11.4958
16.0000 1.2210 0.9304 4.0000 -2.1658 -8.1944 -5.6080 0.3309
16.0000 1.2210 0.9304 4.0000 -2.1658 -8.1944 -5.6080 0.3309
17.0000 1.2210 0.9304 4.0000 -2.1658 -8.1944 -5.6080 0.3309
17.0000 -3.4648 2.1495 -2.0959 -3.6104 -1.7959 -0.5042 -11.4073
17.0000 -3.4648 2.1495 -2.0959 -3.6104 -1.7959 -0.5042 -11.4073
18.0000 -3.4648 2.1495 -2.0959 -3.6104 -1.7959 -0.5042 -11.4073
18.0000 1.2508 0.9689 4.0000 -2.0296 -8.0107 -5.5870 0.3516
18.0000 1.2508 0.9689 4.0000 -2.0296 -8.0107 -5.5870 0.3516
19.0000 1.2508 0.9689 4.0000 -2.0296 -8.0107 -5.5870 0.3516
19.0000 -3.3876 2.0435 -1.7318 -3.5081 -1.9743 -5.2798 -11.2376
19.0000 -3.3876 2.0435 -1.7318 -3.5081 -1.9743 -5.2798 -11.2376
20.0000 -3.3876 2.0435 -1.7318 -3.5081 -1.9743 -5.2798 -11.2376
20.0000 -0.3155 1.2613 2.1677 -2.5165 -8.6225 -5.4386 -0.4778
20.0000 -0.3155 1.2613 2.1677 -2.5165 -8.6225 -5.4386 -0.4778
21.0000 -0.3155 1.2613 2.1677 -2.5165 -8.6225 -5.4386 -0.4778
21.0000 -1.9254 1.7380 -0.0489 -3.0315 -9.8774 -3.6009 -2.4372
21.0000 -1.9254 1.7380 -0.0489 -3.0315 -9.8774 -3.6009 -2.4372
22.0000 -1.9254 1.7380 -0.0489 -3.0315 -9.8774 -3.6009 -2.4372
22.0000 -1.7039 1.6548 0.3326 -2.9341 -9.6682 -4.2058 -1.8402
22.0000 -1.7039 1.6548 0.3326 -2.9341 -9.6682 -4.2058 -1.8402
23.0000 -1.7039 1.6548 0.3326 -2.9341 -9.6682 -4.2058 -1.8402
23.0000 -1.5863 1.5840 0.6526 -2.8396 -9.5315 -4.4979 -1.5566
23.0000 -1.5863 1.5840 0.6526 -2.8396 -9.5315 -4.4979 -1.5566
24.0000 -1.5863 1.5840 0.6526 -2.8396 -9.5315 -4.4979 -1.5566
24.0000 -1.6536 1.5556 0.7724 -2.7837 -9.5361 -4.5507 -1.5177
24.0000 -1.6536 1.5556 0.7724 -2.7837 -9.5361 -4.5507 -1.5177
25.0000 -1.6536 1.5556 0.7724 -2.7837 -9.5361 -4.5507 -1.5177
25.0000 -4.0000 1.1135 2.4814 -1.7535 -10.0749 -5.4073 -1.2332
25.0000 -2.8268 1.3345 1.6269 -2.2686 -9.8568 -4.8513 -1.4520
25.0000 -2.8268 1.3345 1.6269 -2.2686 -9.8568 -4.8513 -1.4520
26.0000 -2.8268 1.3345 1.6269 -2.2686 -9.8568 -4.8513 -1.4520
26.0000 -4.0000 1.2501 1.8146 -2.0161 -10.2708 -5.0185 -1.5577
26.0000 -4.0000 1.2501 1.8146 -2.0161 -10.2708 -5.0185 -1.5577
27.0000 -4.0000 1.2501 1.8146 -2.0161 -10.2708 -5.0185 -1.5577
27.0000 -4.0000 1.3223 1.5817 -2.0564 -10.2566 -4.9297 -1.6528
27.0000 -4.0000 1.3223 1.5817 -2.0564 -10.2566 -4.9297 -1.6528
28.0000 -4.0000 1.3223 1.5817 -2.0564 -10.2566 -4.9297 -1.6528
28.0000 -4.0000 1.7870 0.6916 -1.8155 -9.5954 -4.9762 -1.8251
28.0000 -4.0000 1.7870 0.6916 -1.8155 -9.5954 -4.9762 -1.8251
29.0000 -4.0000 1.7870 0.6916 -1.8155 -9.5954 -4.9762 -1.8251
29.0000 -4.0000 2.1599 0.2293 -1.4332 -8.8272 -5.2706 -1.8175
29.0000 -4.0000 2.1599 0.2293 -1.4332 -8.8272 -5.2706 -1.8175
30.0000 -4.0000 2.1599 0.2293 -1.4332 -8.8272 -5.2706 -1.8175
30.0000 -4.0000 2.1421 0.2952 -1.4381 -8.8649 -5.3168 -1.7740
30.0000 -4.0000 2.1421 0.2952 -1.4381 -8.8649 -5.3168 -1.7740
31.0000 -4.0000 2.1421 0.2952 -1.4381 -8.8649 -5.3168 -1.7740
31.0000 -4.0000 2.1794 0.2722 -1.4183 -8.8711 -5.3221 -1.7744
31.0000 -4.0000 2.1794 0.2722 -1.4183 -8.8711 -5.3221 -1.7744
32.0000 -4.0000 2.1794 0.2722 -1.4183 -8.8711 -5.3221 -1.7744
32.0000 -4.0000 4.0000 -0.8859 -0.4599 -9.6579 -4.2717 -2.6043
32.0000 -4.0000 3.0897 -0.3069 -0.9391 -9.1667 -5.1290 -1.9550
32.0000 -4.0000 2.6346 -0.0173 -1.1787 -8.9864 -5.2965 -1.8263
32.0000 -4.0000 2.6346 -0.0173 -1.1787 -8.9864 -5.2965 -1.8263
33.0000 -4.0000 2.6346 -0.0173 -1.1787 -8.9864 -5.2965 -1.8263
33.0000 -4.0000 4.0000 -0.6996 -0.3154 -9.3581 -4.9722 -2.1009
33.0000 -4.0000 3.3173 -0.3585 -0.7470 -9.1190 -5.2601 -1.8911
33.0000 -4.0000 3.3173 -0.3585 -0.7470 -9.1190 -5.2601 -1.8911
34.0000 -4.0000 3.3173 -0.3585 -0.7470 -9.1190 -5.2601 -1.8911
34.0000 -4.0000 4.0000 -0.5756 -0.2188 -9.1274 -5.3729 -1.8616
34.0000 -4.0000 4.0000 -0.5756 -0.2188 -9.1274 -5.3729 -1.8616
35.0000 -4.0000 4.0000 -0.5756 -0.2188 -9.1274 -5.3729 -1.8616
35.0000 -4.0000 4.0000 -0.5491 -0.2014 -9.0848 -5.4512 -1.8178
35.0000 -4.0000 4.0000 -0.5491 -0.2014 -9.0848 -5.4512 -1.8178
36.0000 -4.0000 4.0000 -0.5491 -0.2014 -9.0848 -5.4512 -1.8178
36.0000 -4.0000 4.0000 -0.5484 -0.2017 -9.0861 -5.4516 -1.8172
36.0000 -4.0000 4.0000 -0.5484 -0.2017 -9.0861 -5.4516 -1.8172
37.0000 -4.0000 4.0000 -0.5484 -0.2017 -9.0861 -5.4516 -1.8172
37.0000 -4.0000 4.0000 -0.5484 -0.2017 -9.0861 -5.4516 -1.8172
